00  
11
 11
1 
1

 
0010 
 0  0
  
 0

 0
00
001
 000
 01 10 0
 00
01 1
10
0
0110 1 0
10
 
 0 1111 
00

 011
  
11    11 
 001
0   1111  
 1
 
1
01 10 1  0  
0 
1 

0110


  00 00 1   
11    
0 


0
 1110 0
0
1
0

  1
0
0010

0
1 0 1   01
100 0111

00 11
0

0


 10
  1 0110 01
110
11  1 
010
1 1001
0 
 0010
1 0 
 1
0 0 1
0

 000 101110
 10 01 
11
1 
  10 1
11 01
  10 1


 

1 
011110  0
 0
 
11

00
0 1
01 0 10
1  1 1

1 0
0100  00 0



 
000
  00 
0
1 
1  101 0101

01

1 1
1010
111 00110
0
 1

1
 1
1

1  0 0
 11

0

0
 010 0 00 01

1
101
0 
 0
1000
01 0010 01
10
101
1 11010 1
0  11     01001 1 
 0
0


1 
10
   

11101
0

00010101 
000  1 1  
 
0110 0

1100 
 00  
 1  
0
10
00 0
 
 

  1
0
 1 

1 111
1

  10000 1 0 

 
 1
 10
000 101

0000
0 1 
0 
01   01

01

0
  

  01  0 1
1

 01001 10
011 
 01
  0 0010100 01 0


1 00 110 


1 010 
0110101011
0 0 1 1
01

1
0
 1 0 
1
1
10  
1


0
1 0
0
 000 001
1 110    0001 10

 1 0

1
0
101

110 10 

10   0
 111   0 1
 1110
00 0 10

11 0
1 10
 
1 110     
 
00

1   
11011
  0
0101 0 1
   010 00
11

   

10
 
0  0110 
 1 0
1
0 11 
   11
0
0

00
100 0
11 1 
1 11 1
  
11  1
  111 1 
 0 
 101 
00


11100 1
 11   
 00

 110 1
101

1
11
 0  
0110111
 01
011000
 

001 0
1
100

10 10  
   011 
11 1
00
101 
 0001
   
010111
 111
0 
   01  

01
  
1 
1  1 1
 110
11
 


0 11 0
000001
001 000 0011111
 000 0

 0


0
0100 
 0
0 1
11 
10  
1
 
011
   1111
1  10101



111


 0 1  000
01
00
1


1 01 10
110
1
 0 01
1011 1 0 
0   
01   
 1
 
  00
1


111
0
 1
01
1 1 1 
 0
1
0  1
0
1 0

1
 0 0
0
1
 1 00
1111
01 1 0 11100101 

11 
 110
0
00
110
 
 01

 
11
  
 0


00
1  1001 01 11
0
 

1
  0 01

 1001110 1
1
   

0

  

000
0   10011

 0  

01 110

10 1010
  001
000
  

01 11

 0 0 
111
1 11
 1  
 10
1 0
   0 11
1 11011
000 
 11  
0011  

1 1

 01
11
 01  

0   
 
 11
 0
0 
00 
011 001
 010
00 0 0  
00
 
 1    00 
0
1 
00 0
1 


01


1 101
  10
01
00 1 
011 

00
110

  01

0 

  
11 0 1
 
1010
00
0011
 
0


 
1  
01000110  1000 1111
1
 11101 1111
   10 111
0 



10  1
0 0
 
101
 111 
  
0 
1 0

11

10
1 
11100

 
11

101110
 1
01
0
 
01
01 01 0 010000 
 


1000
 1101011
100 
11 0
 1110     
 10
 

 
0
1 
1
 





   
1
0000
1

1001
11  11 0
0
 
11100 0 010
 0 1
 00
0     0   1 0
111
 1

0 
1

 1 00 11110
 1
 0  1

0
1101
01  010001

1  1  000 0



01 01
0 1
00
00 1 010
0101 01
11 0111 
1

 
0 0 01


 100 100  
0
00
00
 
10011
011

1111
00011  
1100
00
10 

110 11   
11 
00
1
 001101
 1 1 
0 00
1   
10

01 
0
 1001 01 1
 1 11
01

  
011


 11 1 0

 11

101 00 1 011
 0  1 
1
 1
 
01
001101011
000 
  
1000111100   

000
10 


 1 101





 11
 
  0
 
 
10 11100 

 0 10110

 1 1

110
1 01
 
 1100111
0  
1  


00   
1
 00 
110
 110 
00
101
01
10   1

1 

1 01
 010 100
 0 
001110 1
  1 
1
10
1 01
0

00 01000
1
10

 0 1 
  
11   
1
  1
 
0 
 101
11011

 100 1 1 01000

000
1110
00
 11

 0
0


1


100 00 01010
1110 1  
    001001

0   11 0
 
 0 01  
1001  
  1

 1
0101 
0 
000 

1
101



      
 11


01 0     11010   01
111 1 0
101
 1
100  
01  1
000 
1
11  0000
0
0 
1101 
 1  1001   

1000
101 11
 1 00011

101 

1
 



 01 1   1


 00 001011 0

01 10 1
0 10 0
0  0

01 111
11   
 0

1 11  0000

10
010  0   0011
1 100   10 110 
 1 
    

0  10101
0


  0000   
1 011

000


 0  0
1

1


111 
0
10
1
  0
10 

 0  0


101
 
111 0

1  
110 10 0


 0 10010


000  
11 
10 

   110011 


1 0
1111
0
  1 01

 
1010
0
1  1100
 01 
0 0 0

 1 01
 
 01
 0 
 00 00 1100101 10
11
0  110 1

0
00
 00
1

 10 10 


1  11
100
0

 1101
11
010  

01 11


1 011001
10

 
0  

 1 1
0

 1 0
0
00
0001

 1  11 
0 1
1001000 
   110 11 
01

 01
 
1 1 
0
1    

0     100 
 11 1 


     1001101 10 1

 1 0 1010 1 
 


0  
1 000
0 
0 11
0 




0
0111
 010

1
11 011
 
 1 1
00 
0 0010
   1
0 1 1
1 
1  
1  
 0
11 
  01
0 0
0   1  
10110
1  001 1
0

 
01 
1
 0


  
1
 1  10 0 01    0000


1010
1  01
 0
00
  10101
110 
0 

11

01
 0 
010 0
0 0 
  100
1
01
01 0
0100 11
00
10 0
01
00
1
1
100

 
1


 0
0 0 111 0
1
000
 0

1   01
    



0
10
1  00
 
11

0001

1100 11 0  0001  11

 1



11 0 11  0 00 
  0 
 00
10
 
1
1 

 





 
00
0  
01
0 
0 1
 0    10 
01 0 1 
10
0 0
1 
  0
1110 111  10011 
0
 
00001
0 
1011

0 
 11011001
 00 

11
 

0010
0
11  

0  110 1
00
00
  10


 
0 
0
1010 1 
01
 
0

  1
 00 10 101

010011 

1
0
 0 
0 
1 1  

1
10  11
1 1

01
0110 111  
0
0 1  0 

00  
 

 0
0100  1
0 0 000
11
1
0
 100  
001
1 


 00  
10 1101
 0 0 0  110011  0
1
0000 1 00 0
0 
0  00 
0101 11000 1  
11 
011 
11  01 01 0
1110
 11
110 1 0
 
00010
1   010
 

110 11 010

  1
0011001

01
 1



1
 0 

 
01
1
1111   11 00
01

1 
101

00 
 
 
 111  0
 0
0101 1

1

10

 101
 
 0
 
0 
00110 11 1 1 
1


1 
0
 010
0
  10
0  0 01
 1
1
0 1 1
 
 0
 01
  
0
 10



0

01 10001 0100  1  
  1  
 
11



 110 
0
  10   
0 1 101
101    



  1
 0   1

1100
01 0
101 0


1110  
11
 10
1  0110

 10
 1010
  01
111
1

01 
   0 0
010 

 01010

  0
1
10  01
1  1
110
0

0
1
11 1110
1
 1

 00
0  0 0 
 0 
1 1  1  
01
 1 1
0
  
1
10  1111 00100
  
1
10
01011
0100

 


1 1  0
00
01 00


11111
 
10
 
1
 1
10 
01
0 

00  
 0
1
1
 
 
01   1 0
00  0
1
011 1
1  
1
 1 0
1 010  1

11
0
11 1 1
00010 00 11  1 0  1
00
00  0
0 0 01
10 



1 10 
11
00011


0
0
 10 01 010 1  1011 

11100 
10 
 001    11111
   01  
01 1
1   011
1  
01 0
1 
 10 0


10 001

1

 10
1 00

0
0
1

  


 
 110111 
11  
 1

00


1 1
0 00
0  
1 
1

 0
 1111
 000 00 1001 01110
0

 


1 
1
0
1
1
110 
1

01
0

 1 001011 0  

  

111
00 1000001 1 


01 1000
0 0  
0 01 
010     00 1
11
0100
   0
100
00
001

0
0
 
0  
 
 0    01
0 
 
10 0
  
   

 

1  
110 0 
 010 1 00
 1

01



01

1  
1  
1
10
001
100011
 00000 
1
10
1110
10
010001 000 00 
 1010 1
1001
 
111
110 110 0
1
0  1100 011
 
1 
 1 
1 0 0
 101 11 1
1 

10011
 101 
00  0
1011

01
0

 1


 0 
1
 01
0
0 

0010 0 1



 010
 10   

011001 
1
1
10
0
  11

10  
 
1 
0




 
  10
 00 1 1 110
010
110 0
 
001

0   00 1 
 

 
  
 0 00  11 0  10
0 
 
1
0101
  1
1100  010 
 11
 100111101
  1
1010
01 
0 000 11
 1  100

110  

 10 
0
 
10 10010
 

 100


 1
10
  1000000010 0
0  

0 01 0
1
10 
10
  101  01
 10 000 0
11 10

10
00   
0
0      10 1110100 1
000
0
  
10
1  
 0  0
 1 0
0010
  
 
 0 1011
1 1 1
001
100
 101 11
 110
1 010 011
 
000

 1001   110001
1010   1
1
0
11100 10
0000 00 1 
0
 0

0
11  1
 
 
1
 0101  
00  
011000100
0
0




110 110011
0 
  00101
 0

0101
 10 110
1
  
00 

11 
10
0
 11 0
 


00110
 
01
1 0
110


00
 
0  1 10 
11 
0
  0      

00 11100
00
0 01 
 11  00
 
1
0
1
 
  1
001 
 10 

11 00
0
 
11 1  
 10010  111
10 
0
00

 
0 
1100111

   
10

1 00  11
 1

0 0
 
10
11
 1  110

1100
 1100 
010  
0 

1
  10

0

 0  0011
 01
 0

 10  0
11
010
 0
  001011 1 
10
1
0
  1111 1 1
0 0

00  10
 100
1010  
0


0010
1
0 1


11 01111
00
100100 


 0 1101 11 
 11100
1
1 1  1   0

 10
00 
 
011 1 
01 10   
  1
 010 
 0 
0
 
1
1010 11 
0
 
 01 
1  
 0
1
1  

01
01

 0  
1
10  01 
1
0 1 10
1 
1
1  
0
 01111 1 0

 

 
 
1 0
0
 100
11 1
1
 

0
 
 00

 111 
0100 00
  


1
01
 
    
0011 0
0
  1  

 
10

1


 1


00  
1 00
  0  0
0
010

0 0  
 1
0   0
1
 1
10 1
1 0 000
1


0
1
0 110 0 11101  
1
001


10 
 
1
1  101100
1011 010


11
10
1
 01 110

10
  0 0

1 11 
110 
 11
0 
  
1
 1
0 0
10
101

0
 1000  00

1   0
11111 1   

1 
010

111 101111  0 11
0 
 1 1 0

 
 1
0 1
000100  
10
 101 110
10
1  1100


10 
00 00
10  1 

110 01 11 10
10   
1
1
0
11
0 10 
 
10 1
0  1101
11

00   10    

00011 
10 110
1 1 0 
1
  

11

  

 
1 
1
01 1100 0
 1
10
0001
 
 
0
000 1
 0  
011
11 
  00010

110
00011010 11

1
 0
 

0
0  0

1 1
  
0  
0
1

0
 

1 

 011
1 

   000001
 

  1 1
  10 1 11110100

1 




11

101  111  
00  10 0

0
1001
11 0
 


 

000  01  
1

 10 
0011
 111 
1
 1 
0  110   
00
  01  1 010

1111


010
01 
0010

1 0  0 0 
100
1 
01 
1000

 1 
  1 
1
  


   
 111 
1
  


0

11 011

010
00

 101 1
1
11  
 1  0 0101
1
 
 0
00 0  01 11 110010
1
0


 1  
0  00
0
1  10 01

 01 0 


 
0
 0 001010  0   

 01  01
    000
 0010  
1100

111111
 
1  
0
1 0
011 1
01100 0
 
00

000
  1 
11 0
011  1 
00100

10 

011110 1 1  1

 10


 0 1111 0
  0
 0
00  1


00 1
1100
0  1
1  0

1 100 1  1  0
 1 1 
0
 1 

   1000 0
 
00 0 0 1 
110
00 0 1
0111 

0 1
01 1 110
10 
1011 1010 1
 1  
  0
 1
10
10001  

10 0 
1  
100 
1 1
1
 


0011
   1000001

01

010 0100
10 
   



 1
 

 0
0
  
0
1 1  00 0 1
01 
0000    

 
101100


   0110
 0
   01 0 
1
 1
0101
 
001

0

00

11  10
1

11

1100


1

1
010  00101000
 
0

 1  0110 
 00
1

0
00100100010 1
1 0 101
0
 01 1 010  1001
1
00 1111 0 
1001





 1

001
000 01 101 00   0
 
010 10 00
0011 0 





0

1  1
1  1110 0



  00

 1 
00011 
 1


 01
 
 11
 1 01 00 0 0
  101 
1
 
010001
1
  0 0
 0
1 
 1 0
 1
 0
1 1 
0  
 0 1

00 
11 001 0 10 011 0 0110  00
 1
1
  10 1  
11 
1000
000 01
 000  1  
 111100 0 




0

 01
00   1
1 

11 0 1
 01 
  


 0 


010
  1 1
01 
0 110000
1111
10 1
10 0
    1
 1 111  0
110


01 0


 1011 
 001
1111
0 0

 
 0010000  
0  

110 

  11 
  

  0101 
000
1
1010 11  0 1  1  
0 10000 

11
1
0
0  0
11

  10 0
1
0 
   
 

11

0
00  0 0 


1
0

0010 1 


1101
110001
   0
00
01

11 
011 1 01


 
1



1 
1100 1 
01
1100101


11 1

 111

   
1
  001 0  1 


11 1
 10
10
   
011011 1000
1 0
011 100
01 
1000 0
 

 0
 
0 
0 
 1
  0  1 010111 

0 
1 1

111
 
101000
 111    11000  11
 10
0 0
11111

000
  01  1
0 01
 


0 101
0 
0 00 

1

11 1100   01
01
0 
111
111
10
01
0
0
01 10
 1  011  0
00 1 1 1 

 01

  01 0
0100
  1 
11
10
00  1
101
01
 0
0

1
0 0

0
100010

1
0 1 
1 1
 
1
101
 1

1110
0
1
   0 111 01
1

 0
 1    1
00
 1

1
1    
10
00  00

0



01
 

0

11
  
1 0
0
 
1
1

1 
011
1 0 111  

0 0  00  0
0
10
  
 00
1
10
00 0 11  
01   
11010 

 0  01 
110  

011100010 
0110
10
0   

  
01

1
1
0
0 11 011  100 111 
001
 0

10110

00
10
11
1 11 

0  
1
    011
   
  1
  0


 101
10011 1
 
 1 1

10
01
1 10
0  1
 



1100 
 

0111
000 
 1
 
 010

 0 0

0 1110000111
0

110
110

0 
 
0
0 0 
1 
  
110 1  

  1 0
 
01111
 100 010  0100
1
10
101

0 
001011

 
 1 
 0
10 00
01 111
11000 11  
 0
0


0  00 111
1 1 1 01 
10 00 1

  1111


  0
00
 01 1  0 01
1   10
  1
000
 110
0101 10
1
0
0101


1 010 

0 10 
 
1110
  


001
11  100 001111




001011
  0010
  1 
1 
0100


1 00 

1   01 01

1
0


 
1 0 00 
0 00100
0
001
10111 10  
011
0 0 1  0

  001000
  
0

 
110
0111111  00
011
11  0
1

0010
110 110101
   1

0
11  
0 10
 1 01 010

00 0

001
11 1111 0
1
10
00 01
 1 0 1
 0 00  
 111 
100
001
1    01 0
 0
 
1000
1


1  
10

010  

 011
 
0
11 
1
0
 011 
  
0


0 0110111


110
 10
0
1  1 0
101 0



1 00 1  

01

1

 1 1
  100 
11110 


 01  
 11  
   

   010 00
0110
10 0 
1
010
 1
000 1
 00 
0 1 
 
1 1
0 1 
1010 110010 
1
0


1 00  
01 
 10


0
 


00
1


 001 10  0

0 1 
0
  
 1
 
1   
1
101100 
1 1000
 01
0 0

 
 0111
  1 1
 0 0
 1


11011000
0001 1

11
010

   

01

 0110 
1


0010
1 
1 
0
 1011  1 0  
0


 
0

 0  
0 0 


 01 1

0 

0  1  010 


1 


 0 10 01
0 001 1
 
01
10110
0  00001    

  
 010
01 0 10


 100100

0

111


1
10 00
101
1

11
1 0

11 1 1

11 1 1011 0  
1
010000
0
1
1 00  
01
1 

1 10010000 

 110
10 
00011 



0 
  0
000001 

1001
1


0100111 1
1
 111
110
0110111
1 

1
1 1011
0   110 1000
 1
010
10 


110  001 
0
  01

0
1
00010 0 00
 1001  011
  11
10 0


1
0 1 0 00101 10 1
1101111




  
 1 0  
0
1

  1   11 

1

1
11

1 01  011
0 1
 0100  0 100
00 00 10 0
00  1






 11
11
0 0  110   
 101 0
0
  11 1 11001110 01 
10

01


 
10 0011 00

 0
0 001
00
11

11
10 1

 111 
00
 
 
1 
1
  
11 0
0
1 1
101
1
 1
1
0
00 
 100


1 
01 1100
10 





 0 1 11
1
 
01 1 10  00 0 
1

 11
1 1
 110 1
1000 
1   0
0000110 01001
001 11
011
 
  0 
111
 0
0 
   1001 


  


 
1   
1

 10 1
0010 001
  
01101 011 

 
 00 101 
 

  0 1  0
1
11  
 
  0  0
1 
00
 
11  0


 
0
   0 0 
0 11
 00   


 0
0

 
0 
 
111

0
 0 11011 

01
1

 
  011
   
 0  0 10110
1 00 10
  0

01
111 0 0  1
10 1
111
1
10 
 0

0
111
1001100
0  11
 001
1

01
100
 
0 11  


 00

10
11 0010

1
11
0
 110
 1
10 0011

 0 0
 10 
011 00 10
010 10 
   
1

1 11 
1101


01 



 
 10 0
000
0100
 0 
 

0010
0 1 1 
0
 
01 
  1
011
 1
 0
   
00000 0  
1

 
 0
 

 0101
000 110 
0  1
   
0 
11
1   00  0

  
00 
0
0    000 1 
01111
0




01000101000011
111
0

1111
 1
 
00  
 101101
 
1

1 1
 0  1
 1 0
 0
0
0111110 0
10 
   1
1
000011 

01
 0  1000
 101 1 
 
0  
0

1
 
0

 


 
1  
 
  0



10000 

011 01 1100 
0
11
0 
 

1 0  0 
10 0
0101110 0  
0
0 1 0 0 010   0 
 
101
  01 11

1 0

0010000
0 
 10 
1
0 

1

00
1100 1
1
1 0 0110
10
11
1   
0
00
 


010 0  10
1 


 0 
1  
0100

0 
 
 00101  00 
0 

 
1 1
0
 
1
0
00 1
   00001000
000 1
1
01
11000111 0
0

  
1 0
00  101001
 1
  100
0


  1
0
1
 1000
  0  
1
1  111

 0 111110
  

 0
0
010
1111 
10
   
000 01000  101
110
1

1
0 
    10  
10 
1
00

01   0 0
 0
011
1
011 00
00  
 1
 00
  01


 1
0100
011 11
 1   0

 
  00101
1 0


 1
1
 


0
1
1 1  11  100
11
0  
10101001

 0
11 00111 

0


  100 0
1 111000
0101  

 
1
 0 110 1 0110000
0
0
  
  

 
11 01100

00  0  0
01 
  0 11001 0 0 
10110 00

0

 
 
0

010  01 011  1    10

  1

0 0
 


  01
   01 001  100
1 101 10  1100
 0011 1000
10
11
 1
0101001 00



1 111

01
 0
 1000 1100010
000 
0
  1001

 
1
 1

0 

0
01
0

0010 0
 0
0
1 11  
0 01
1
10  

 


 01110 1

011 
1
0   11  101 1 0
00
0


  1110 
 0 1
11 
 1
01
11
1 10
01 010
00


 1010
 00
 
 0

1


10 0  
 1 111
1
11
01  0 
1
0011 

010
1
 1 011
1
01   0
1 

10 101
  
1
 00

0
 
0 0  010 01   11 00

 
0 
  
 0 00 11
 1
0000 10
  0
   1 0
0

 1 
 011 
0 0 1




110
   

0
110 1100
10 
1
0 100 
1 

1
 
1110

11 1 0

 0  
10 00 
00
01 

 0
 
 0 0

 10011 0

 


1 100 





01 

0110  
11 
1   
0
00
 01101
 0  1



 0 

0
 
10 110
 0
1

00  0
0
1  1 0101  001000
 1  1
11

1111
001 
00 1

01

 

10
 1
 
00110110 00  
 1
1 
1100 0 1000
0 


11

 1 
 00 01
011
0
1
  00 0 10
1101 1 0 1111100 0 
0
0

01000 100
 1  000 0110 
 
1

 
 111
 1  110  0
00
11 0
0

1 1
1
1  0
1 0  00100
0
 00 
011100
11 

01 
00 0010  010  10 111

100  0
11
0 
1111  0 1
01
 1 100
11

0
01 
 00
10110
0
0
10 
1   00
0
10
0

01
10  
 11000
01 0  0
 0

0


 01 0


 111 010 00
 11
000 
0



 0 0

 00  0 1
 
 1 
10010  1101


 0 01
0010 
1 
0
1 0

  
  00 00

0 0 1 110
0 0 010011 1011  

1 1

00
 
0101010
  1 1
 110 
1 00
01 101 10
0

00   10  1 

0

 
0 0 0111011  1  
1
0
0


101000
 00
  0  1 
   1
  1
010
1
1  11
10
0100
0100 01 10
 0 
1  10 1
01
 1111 1 100
1 101
100


  0
  0

1001 
 1 1 
0
0    
1
1


 111 01 

0
0
01
  1 11 0 1  00

 
00
11000
1
  1
0
11
0101 01
010
 0
11  
 111101

1 0111 
 0100010
0
00001 01

  1
11
   11
 
0
 0
0 1  11
0
0

 
1 011 01001 1 11
1  0

0 
1 1 
 0
0 
100
01

   001 0 1  00001 100 0010  1 100 010100 
10
 1

 
 0

001 
0  0 01 1 0  10  1
01 1
1001111 1011 
 000
      010 101 01

001 


1
  0
01
1 0
101100 010
10111 
101   00
1
 
 0
1
101010011



10
01

 

  111011 0


1
00 
0
 0 
 

1
 
  
110 


 



00
1 000 0  
 1
 11 110101

 01

0 0  

000011

 000 1  
 01
1 
0
0
0 11110010000
1
 01 100

0  00

1 1
1000 0011000 10  0 01
0  1  0
 
 1
0 1
1

10
0 1010
0101

1

11
011

 1
 
11
100
0 
10
011    0  1
0 001 00

     1111


 11 1 
  0
100
101

00000 1
00
1001 01
00110

0
1 0
10111

 1 0


  
1 11  
0 1

 001


0
  0   

1


0 11
1000110 0

  
 0001  



1  111
00  1  

1 
  11
1
110
 0
 1
1 
1
  001  
1

0

11 
01010



10
0
1 11100
011111 
00
 101
0
0
00 

0



 
  1
0   0
111  10  

01
 0010
0
0 

10100


1




  1

10 

1
0 
1
 
11
1 
 1
0
0  

00

 1

1 1 111 011

01 1   1 
0

0 001 1 0000    11 101 10

1 1
0 
1 00
0000
 01111

0
0

0

10 1 00 
110


 11010

 0

0 

000  00 
 
0 1110
1
0010
1 011 111

0 

011 01
0
1010 

    0 110101

1
101001 0
1 0 1  01
1 1


 1
000111
0
0
101  01
00
1 
0 

00 01000
01 
10 111
11 00

01
1 10

00
1  11
0 011
11  1 0100
   0 

0 0 